[global]
id = 130
name = Normal1

[defining_params]
#make sure to send this register at first after power-on = inck frequency[mhz]
unambiguous_range = 6.5 #4.96 #7.45
intg_time = 100 #100	
intg_scale = 0  #0 disable power supplier switch, 1=0.5 scale integration time 2=1 scale  integration time
#hdr_en = 0
dealias_en = 1

mod_freq1 = 100
mod_freq2 = 30
amp_threhold = 25 #25

[params]
#mode setting
rngchken = 0
dutof_mode = 0 #4
hmax = 1800 #1800 #1900 #1388 #1700 #2304
micr_lnum = 10000 # 3333 #10000 #2500 
dpth_su_num = 52 #30
sub_rseq_lnum =  40 #40 #40 #3 
binning_mode = 0 #3
phases_num = 4
dlycnt =  0 #3
anadlycnt = 10 #14 #40 
dlycntsf = 0 # 10
sub_vblk0 = 40 #50
sub_vblk1 = 40 #50
sub_vblk2 = 40 #50
sub_vblk3 = 40 #50
sub_vblk4 = 40 #50
sub_vblk5 = 40 #50
sub_vblk6 = 40 #50
sub_vblk7 = 40 #50

[calib]
cx = 319.388625
cy = 249.808175
fx = 1152.595800
fy = 1149.759254
k1 = 0.315460
k2 = -4.198180
k3 = 38.849866
p1 = -0.002222
p2 = 0.002483

#62 is calibrate mode
calib_disable =  6 #14 #14 
actual_distance = 1.0
tsensor_calib = 36
tillum_calib = 35
phase_corr_1 = 1966
phase_corr_2 = -659
disable_offset_corr = 0 
phasecorrection = file:flatboard4phase_no.1phaseOffset.bin 

#freq_corr = 1
#freq_corr_at = 36
#phase_lin_coeff1 = 0 128 256 384 512 640 768 896 1024 1152 1280 1408 1536 1664 1792 1920
phase_lin_coeff1 = 0 131 279 420 560 693 804 917 1034 1154 1294 1438 1579 1714 1825 1937        
phase_lin_coeff2 = 0 133 266 398 531 664 797 930 1063 1206 1346 1453 1568 1647 1794 1857     
phase_lin_corr_period = 1 #0=pi/2 1=pi 2=2pi

disable_temp_corr = 1
coeff_illum = 3
coeff_sensor = -1
#calib_prec = 1