[global]
id = 130
name = Normal

[defining_params]
#make sure to send this register at first after power-on = inck frequency[mhz]
unambiguous_range = 4.96 #7.45
intg_time =  100 #100	
mod_freq1 = 60
sub_rseq_lnum =  40 #40 #3 

[params]
#mode setting
rngchken = 0
dutof_mode = 0 #4
hmax = 1800 #1900 #1388 #1700 #2304
micr_lnum = 10000 #10000 #2500 
dpth_su_num = 30
binning_mode = 0 #3
phases_num = 8
#sub_fnum = 8 #4
#gdphs0 = 0
#gdphs1 = 2
#gdphs2 = 4
#gdphs3 = 6
#gdphs0 = 0
#gdphs1 = 1
#gdphs2 = 2
#gdphs3 = 3
#gdphs4 = 4
#gdphs5 = 5
#gdphs6 = 6
#gdphs7 = 7

#exarea_intg_00 = 96000
#exarea_intg_01 = 96000
#exarea_intg_02 = 96000
#exarea_intg_03 = 96000
#exarea_intg_04 = 96000
#exarea_intg_05 = 96000
#exarea_intg_06 = 96000
#exarea_intg_07 = 96000
dlycnt =  5
anadlycnt = 14 #40 
dlycntsf = 0 # 10

[calib]
fy = 478 #59.75 #478 #247.0
fx = 478 #59.75 #478 #247.0
cx = 319 #39.875 #319.0
cy = 239 #29.8 #239.0
k1 = -0.0
k2 = -0.0
k3 = 0.00
p1 = 0.00
p2 = 0.00
calib_disable = 14 #78
actual_distance = 0.7
tsensor_calib = 39 #60
tillum_calib = 0
phase_corr_2 = 0
phase_corr_1 = -131 #69 #-194
disable_offset_corr = 0 #0
phasecorrection = file:SonyCDKCamera70cm8phase60mhzPhaseOffset.bin 

#freq_corr = 1
#freq_corr_at = 36
#phase_lin_coeff = 15 132 246 364 491 654 777 912 1039
#phase_lin_corr_period = 0
disable_temp_corr = 0
coeff_illum = 0
coeff_sensor = 5
#calib_prec = 8